1	3.2592417582417585
10	3.6156483516483524
11	3.2592417582417585
12	3.6436538461538452
13	3.328763736263739
14	3.4764120879120877
15	3.6433571428571434
16	3.294401098901099
17	3.328763736263739
18	3.497873626373628
19	3.6433571428571434
2	3.2592417582417594
20	3.4764120879120877
21	3.2592417582417585
22	3.4978736263736243
23	3.4978736263736234
24	3.643357142857142
25	3.4764120879120877
26	3.4978736263736243
27	3.643357142857142
28	3.6436538461538466
29	3.4978736263736243
3	3.259241758241762
30	3.2592417582417585
31	3.2592417582417585
32	3.2944010989010994
33	3.6156483516483515
34	3.254884615384615
35	3.4764120879120872
36	3.245945054945054
37	3.2592417582417585
38	3.6436538461538466
39	3.2592417582417585
4	3.254884615384615
40	3.4978736263736243
41	3.2944010989010994
42	3.6156483516483515
43	3.2592417582417585
44	3.328763736263738
45	3.476412087912087
5	3.259241758241762
6	3.259241758241762
7	3.2944010989010986
8	3.259241758241759
9	3.259241758241759
